0  217  283
1  521  151
2  952  210
3  621  236
4  413  377
5  863  670
6  150  326
7  556  477
8  892  253
9  95  188
10  112  157
11  201  109
12  501  83
13  257  567
14  960  660
15  342  632
16  516  439
17  225  525
18  676  127
19  134  239
20  351  58
21  424  236
22  615  482
23  686  535
24  617  544
25  480  411
26  721  597
27  586  578
28  188  411
29  927  632
30  243  621
31  538  295
32  883  461
33  875  691
34  826  151
35  931  438
36  668  590
37  392  117
38  853  648
39  661  353