40
0
0  1  a  74.4  69.1  0.4  2
1  2  b  49.1  48.2  0.1  1
2  3  c  18.7  2.7  0.3  1
3  4  d  6.9  3.6  0.2  2
5  6  e  93.4  38.0  0.6  1
7  8  f  9.3  1.3  0.2  1
9  10  g  96.1  7.5  0.4  1
10  11  h  78.8  22.3  0.4  2
11  12  i  30.1  26.0  0.3  1
12  13  j  27.6  21.3  0.5  2
13  14  k  46.1  10.3  0.4  1
14  15  l  9.2  8.1  0.9  2
15  16  m  6.4  5.5  0.2  2
16  17  n  18.4  14.8  0.2  2
17  18  o  16.1  5.4  0.3  2
18  19  p  29.9  28.2  0.3  2
19  20  q  76.2  74.3  0.9  2
20  21  r  18.7  15.0  0.8  2
21  22  s  26.1  7.6  0.4  1
22  23  t  90.9  36.7  0.8  1
23  24  u  45.7  28.6  0.7  2
24  25  v  95.7  85.7  0.4  2
25  26  w  68.2  54.5  0.7  2
26  27  x  81.2  51.3  0.7  2
27  28  y  98.7  77.7  0.6  1
28  29  z  82.1  56.5  0.8  2
29  30  aa  23.2  5.6  0.3  1
30  31  bb  29.0  10.2  0.9  1
31  32  cc  2.0  0.8  0.2  1
33  34  dd  82.4  78.5  0.9  1
34  35  ee  84.2  27.9  0.4  2
35  36  ff  75.4  75.3  0.4  1
36  37  gg  31.3  23.3  0.2  2
37  38  hh  94.1  54.0  0.8  1
38  39  ii  58.6  31.8  0.7  1
39  0  jj  7.0  1.0  0.1  2
22  15  kk  46.2  40.0  0.3  2
14  16  ll  34.5  19.7  0.6  1
33  6  mm  93.4  44.9  0.9  1
30  38  nn  99.9  63.1  0.2  1
22  25  oo  68.5  8.1  0.0  2
11  26  pp  67.0  30.2  0.8  2
28  3  qq  78.8  39.9  0.6  1
19  29  rr  72.9  12.4  0.2  1
14  17  ss  26.5  16.9  0.9  1
20  30  tt  76.1  28.1  0.7  1
35  7  uu  88.4  85.0  0.2  2
22  12  vv  68.5  0.7  0.3  1
17  26  ww  48.7  5.4  0.1  2
9  1  xx  69.7  23.5  0.4  1