0  50  50
1  40  90
2  35  140
3  70  80
4  35  170
5  140  140
6  35  210
7  90  230
8  30  240
9  95  288
10  40  320
11  30  350
12  80  350
13  125  400
14  55  400
15  160  632
16  180  550
17  225  525
18  250  630
19  260  670
20  351  680
21  424  600
22  350  580
23  420  535
24  350  444
25  480  480
26  621  597
27  600  650
28  540  650
29  450  621
30  500  700
31  540  700
32  875  691
33  650  641
34  826  451
35  931  568
36  868  350
37  692  117
38  453  348
39  461  210